              precision    recall  f1-score   support

     Class 0     0.5794    0.4342    0.4964       866
     Class 1     0.7703    0.8906    0.8261      2606
     Class 2     0.5549    0.7292    0.6302       672
     Class 3     0.3294    0.1697    0.2240       165
     Class 4     0.3631    0.2579    0.3016       504
     Class 5     0.5333    0.1455    0.2286        55
     Class 6     0.7879    0.4727    0.5909        55
     Class 7     0.3438    0.0759    0.1243       145

    accuracy                         0.6689      5068
   macro avg     0.5328    0.3970    0.4278      5068
weighted avg     0.6397    0.6689    0.6429      5068
